49231660
10392148
2614596
11070006
29103873
5723009
39023282
44924267
117218226
137084533
81486998
15017185
84234384
35460210
9261061
128048457
6921016
99438355
67912752
58975344
114774534
91111205
43559432
7693104
15740815
102878048
7906276
26876972
37563109
57681967
4953440
53188720
59712073
62603206
102375539
3606243
57589396
13097291
56146761
121411171
31996112
85705657
34425905
132590794
81390791
28901894
74355903
80232603
53176560
90768797
4115556
2091493
59337438
68901242
86755993
53772444
23792989
25290696
56321558
26796757
84724297
115034349
77808274
887554
18843240
4141416
122309905
39319694
26442593
90379849
16476329
3617219
33442479
66665136
27490559
99499317
42783084
62913486
78814044
62142357
91702684
24609074
10683346
12821678
108970626
20408364
21519804
79202880
113722088
7856932
12058292
93531388
2655316
3254377
17742560
8694351
13948044
16105439
13761129
59916823
123755838
81803256
91715863
118079971
66040206
39451006
34616517
132454057
37928312
21965612
42061206
62593456
90651375
8995104
47325481
52936400
1091233
73280214
121476264
21008929
67342442
132735439
27138453
90802477
13209329
14518031
69271638
128291409
81077909
25260688
78196980
2918366
85595661
48524448
46157446
6450147
72677715
124287521
40817473
68022195
71094436
114703440
104588364
121793562
36014315
27298829
7773971
11815379
41141029
33783187
53153877
1822950
9862314
25064984
66551128
72903712
27276051
63214972
16739735
20383926
1540471
71243691
93930532
69491917
30803774
3591856
739635
115772328
77863309
3638429
11465540
76246703
121775793
28884348
48723246
2552805
8435380
128610085
87411598
109177126
10568624
56583338
13463469
13599857
101479500
135917774
28952042
79998435
57995227
99129273
21606284
65517530
4830945
86261177
50439213
23720079
9784
6241716
93416
48411796
86260081
98691435
30985686
133065388
4346033
52926061
5792775
2631697
136610204
2234610
1144397
59199702
121307230
92250565
87821953
11944692
12521290
59115624
14957844
55459818
11405931
36162127
125160929
5729118
131696759
62108126
7146361
11476253
130157431
102277358
133918495
6208745
3687011
91736862
97471748
56023860
96382376
81403545
92086246
35989201
43383204
121430191
34093883
61112190
10101147
33484030
20178724
84062759
71395813
3451861
66655973
10259926
1591340
37272867
60823061
101613748
17345641
68238068
68149571
71932150
15582234
115222198
7569052
135970554
83220612
13255141
65249680
49042748
58249073
21914919
85230211
31740019
87422247
11745631
69695557
44244509
37777836
74328034
78777211
6683294
33894195
39571590
135466134
56601146
80393264
75167598
22279442
20892363
67404487
9468965
66533322
1201220
132179258
134723417
26394974
46510797
73355971
59488628
59543715
73827043
79360523
7924288
89131380
8534626
64589202
64798040
35412748
88161374
66729498
13348181
61472244
43605842
82111757
96039827
4077436
95690129
3604523
81585465
14532687
63131763
72166453
91307292
5664489
9360465
46293144
76348216
58787583
8033221
131870154
25546123
80865644
120194157
67700257
30859917
91204133
23300171
33469173
134351372
45236369
11389739
76630704
5688925
40644741
103285129
68762967
602851
65868481
2655811
61106437
136070475
90947021
122837114
75562719
40792703
77736664
62762403
72273706
14712620
31711426
57674033
14564363
75920039
13359011
62297873
13830004
95401990
57699534
12828371
2028901
72573336
41401409
52539481
26118428
54117039
33377431
19697423
51712500
3694931
129982780
91687888
74414421
15844608
128273605
103700907
129139769
69905581
66632242
55919211
8301774
22365578
126514955
28166995
74122797
89183277
70152495
86188448
30906641
8836775
61226874
117069784
33244443
12029789
62223195
11498404
59729348
101738883
10342181
50977761
14740711
36778063
11942660
3293169
120508929
814119
93546160
40871105
89604081
28733615
11997862
113392638
64203336
68602993
2003219
7157518
64811203
52450622
42566153
91169264
30309397
60694605
3140925
32891884
49898659
30034126
58519163
97671752
110449083
3807184
46404111
72358035
84470129
120156652
9886433
13229178
3703438
179860
114793922
74105139
2075572
124142093
83144629
93454494
78845179
69731704
8214359
77407842
121583838
9735494
96369195
56456883
70902953
70097585
86678434
3198086
40613820
51134039
89672660
38629396
54741590
3287040
86699479
53463916
112756051
51393537
86690780
5087334
47347269
68572851
63494571
24729204
5629921
3050557
84299320
2192382
28374805
129687106
65693480
39983043
60118656
31765578
50011971
86994615
108672621
4950792
27265692
90173594
12241706
81603187
66730304
121453747
112124
87445295
10389441
73633540
7468150
164662
50143542
31561983
67030969
10717477
132880079
49049251
16643524
52195301
48223235
103112116
29167998
119782488
80407051
71368744
64801006
107490000
98430493
27591592
24795479
62276444
66374785
38455119
69374014
48431027
44974175
71613588
33433168
86743506
10896022
26676617
94064425
22080545
9160451
135974227
75938379
68393377
115294017
133284441
10860627
72715894
86041294
87911901
73156274
51449294
7098961
130463888
37059200
4800666
33774802
82757995
65358059
29873831
933724
98605502
25038304
98146508
105518472
121030696
59099036
78854747
58450984
7121599
70566351
8101224
100036449
84841219
132000448
130415330
15224335
131639397
72023121
133026769
8573786
18251334
28801098
44066444
24224755
44106492
14137821
41761173
52511901
122000367
77071399
94911993
22907446
59366411
51173784
30592158
48336147
83557343
44706464
104242153
95935177
86594251
86870504
28761656
38877302
124364287
62971425
89524188
82786190
99462155
29813824
122923506
49614010
1099308
43488133
87146355
41412138
4508546
15846085
11652570
70034258
99929654
28641390
103003977
97544511
29655838
88364521
10592469
122743283
83574315
2293031
68136863
24341794
33975184
36791593
5647293
10067743
50194210
4515093
65175680
46616702
28324763
60387244
46560691
3765049
66196958
80801004
36488239
74631095
86078365
122680249
66719812
4468793
46777077
78252384
128370153
4717081
111402760
90302774
85733371
8881288
13837519
24954064
47637704
3652022
135771162
84804163
30843073
49484379
28145901
28520934
21051615
2984286
85750302
74027355
131210963
80749418
1696095
73430750
18367571
86665460
33957572
11550540
1771248
81247206
236218
37563649
3834735
45248025
3786933
26093420
50857595
12468976
64826354
11149559
89449973
8910816
33866318
38397257
54095688
72464988
41653566
49506207
18587548
68680472
7701368
14782176
41119210
50499664
6546052
91034158
45735801
34484591
48772021
12948432
2512670
102673225
135331128
107661682
52008430
24427209
50478736
88791269
42573915
76779431
127266754
14315222
71579031
18968702
38870342
20079088
41280791
128856792
20423432
14085385
53318702
5752274
88916928
56118612
129730208
84747340
63225285
19386063
14169950
47227107
90071828
80583179
48121550
130055300
74298874
50992535
123832919
127009098
30261173
76749554
64687458
128589646
911649
54553110
45632003
57477063
69070776
131893644
110543159
66023292
27367967
69344233
132688955
12296748
103317248
1138306
12346930
67206614
36435800
35189032
83766828
10143926
51989480
7582704
83587315
1198121
5074707
54177635
96273047
39094657
4930366
79371292
99698443
7349070
81854890
20268788
119350770
55224258
17142171
2091583
89354631
13893660
14887408
69448229
118885253
133163243
25475527
62233210
52171083
12916876
121840995
28497040
15433845
61548672
22308618
60860275
16884311
80197471
28747999
64997767
126017559
78521426
94611129
4608410
49121920
61886292
103331788
38445640
49725576
32258105
68959479
10141690
5751877
123204592
52859912
23254697
34746616
131712707
59022640
8729918
62492654
85024466
13006743
113512577
80265467
960239
38087313
116750496
121055513
45561983
47979232
3908069
804533
30658289
73363663
13859570
24339033
46273075
3109935
10896778
118269499
65380352
64109725
82031117
25762460
42525714
48207747
7402806
25164877
1576432
12702477
73997088
57618261
8033401
57915353
12058664
126090651
126951163
95867003
73526633
47428934
124179437
133153682
59005101
71389200
68652595
76930316
92546507
37604445
33411206
5087976
122554865
30261036
68563600
12561767
44266179
41739089
78321805
17645670
79026720
51267546
94586023
13927741
62421057
10418490
1866005
124304501
30189783
7173971
92939955
19637594
68794356
54016436
13046630
14720260
90656709
8408944
12798961
61260740
78674887
53301517
66575074
19092975
57582617
11431115
48382476
24521463
132928260
3558208
11868991
53595877
51177448
29016487
80162362
20493715
79209894
70168376
35680134
135910853
13354008
73187289
53067082
19452392
97084334
14633713
5169778
52675022
7998875
85203291
14072962
34451670
28816625
50239458
123110199
30197164
59982796
101853307
1920754
120048264
77608083
5738309
75487391
53841767
11295302
135014969
121883356
15638300
13032976
30969172
51076480
48258477
2291700
93269617
7346300
92060219
3369032
33783798
94331456
4652999
27203785
52517433
102359579
71234374
54793996
47287266
685718
92424568
14933478
7862342
25159895
27551503
5689833
58621399
7271650
4820090
20944466
10777700
16103134
24870410
11573299
62007940
20418179
49349979
91138364
16539815
6847123
9410723
137146838
137146843
137146844
137146846
137146847
137146853
137146861
10737
1111
2222
3333
4444
6666
7777
8888
9999
222
444
555
32
33
34
35
36
